528998604088
468114538412
101339839490
644234742711
085383047290
106797640967
816964408338
205797426162
333714544487
892584747756
569470654747
872269752015
840184973408
026820387597
840960107264
473205436977
485777172580
341269529540
651154895976
945029721223
176282092030
698698227198
075684960611
111593182854
988898168284
562658343330
418017644597
305720868531
583104444989
125969038063
526375803738
976521902991
297976760926
807284924994
261697929986
832892814595
205601669061
653045836598
267432842697
541283676738
562248365198
486371951846
517595007609
016922669101
540284431911
793628058547
478659440255
480674006437
740571482879
191429632541
697372992922
838252183026
132946608803
416209769677
154416314384
070609681142
165178872398
197837612155
288949241434
856551236938
927314699286
643719075341
588184836396
793894081317
330431699998
900761093739
831254081363
973279876096
412890878289
512287893178
325069559343
947586250701
344637862251
351736318040
985847000169
991542773275
774047440731
172774077866
317026725472
542016940663
226845684548
046515768225
938418373834
059156221411
985150132057
415376787429
994107065154
279677955520
952843933682
667762195417
734059802900
983772892580
824484552723
156804398577
848768155577
596332493154
305492966284
867647586225
526387236337
933259925980
